"model_rs1024k1" : 0.32791393921746426,
"model_rs1024k100" : 0.4861369993206955,
"model_rs1024k121" : 0.4857257777433322,
"model_rs1024k144" : 0.4656461002641837,
"model_rs1024k16" : 0.49708110829641305,
"model_rs1024k169" : 0.4478425475289851,
"model_rs1024k196" : 0.44356097022720203,
"model_rs1024k225" : 0.427824772854876,
"model_rs1024k25" : 0.4886831631432941,
"model_rs1024k256" : 0.41766764605489826,
"model_rs1024k289" : 0.41018494757964935,
"model_rs1024k30" : 0.510511465911145,
"model_rs1024k324" : 0.39595425134246015,
"model_rs1024k36" : 0.5171490812029086,
"model_rs1024k361" : 0.39519667947862913,
"model_rs1024k38" : 0.5044421228586188,
"model_rs1024k4" : 0.4347474952869917,
"model_rs1024k40" : 0.5107376049994162,
"model_rs1024k42" : 0.5133170046076404,
"model_rs1024k49" : 0.5130936170535229,
"model_rs1024k64" : 0.5066029906159251,
"model_rs1024k81" : 0.49577111981009214,
"model_rs1024k9" : 0.4715458270774767,
"model_rs1027k25" : 0.4914679985092836,
"model_rs1027k30" : 0.5055035408937185,
"model_rs1027k36" : 0.4973312300633183,
"model_rs1027k38" : 0.5068682835109845,
"model_rs1027k40" : 0.5064102796398922,
"model_rs1027k42" : 0.4990126852618632,
"model_rs1027k46" : 0.49803554700762886,
"model_rs1027k49" : 0.49300552683702603,
"model_rs24k1" : 0.32791393921746426,
"model_rs24k100" : 0.4804213647084361,
"model_rs24k121" : 0.4652480496751987,
"model_rs24k144" : 0.4538131308799583,
"model_rs24k16" : 0.49478893561263126,
"model_rs24k169" : 0.45508231546688044,
"model_rs24k196" : 0.4448805245208654,
"model_rs24k225" : 0.4365601432450507,
"model_rs24k25" : 0.5000266295703409,
"model_rs24k256" : 0.4194164355133344,
"model_rs24k289" : 0.4137213451496578,
"model_rs24k30" : 0.4880758717346626,
"model_rs24k324" : 0.40121907847909,
"model_rs24k36" : 0.503024546098634,
"model_rs24k361" : 0.4003133507092547,
"model_rs24k38" : 0.4973077550743103,
"model_rs24k4" : 0.4574677443827014,
"model_rs24k40" : 0.5054555699406523,
"model_rs24k42" : 0.5133723429591869,
"model_rs24k46" : 0.5056756727101547,
"model_rs24k49" : 0.49004288171060567,
"model_rs24k64" : 0.48630609382208795,
"model_rs24k81" : 0.49427236981946465,
"model_rs24k9" : 0.4793266244296091,
"model_rs27k25" : 0.49876176561773633,
"model_rs27k30" : 0.4898973827049053,
"model_rs27k36" : 0.4904478053429593,
"model_rs27k38" : 0.48990502812405706,
"model_rs27k40" : 0.4978918572831896,
"model_rs27k42" : 0.4869802649635472,
"model_rs27k46" : 0.49364757512272484,
"model_rs27k49" : 0.49562435489517204,
