"model_rs1024k1" : 0.32791393921746426,
"model_rs1024k100" : 0.4861369993206955,
"model_rs1024k121" : 0.4857257777433322,
"model_rs1024k144" : 0.4656461002641837,
"model_rs1024k16" : 0.49708110829641305,
